R=100
Pi=(29,27,27,26,27,22,23,24,22,29,26,22,25,26,29,22,20,21,29,21,21,23,26,25,26,29,25,28,23,21,28,20,23,22,21,21,23,21,20,26,21,24,28,24,21,26,27,26,21,25,25,22,28,25,21,26,20,22,20,27,27,25,21,20,20,25,29,22,25,27,29,28,21,23,20,26,24,22,23,20,22,29,27,27,25,26,21,27,20,24,21,20,21,22,28,26,23,27,23,26)
A=
1,2,0
2,3,0
5,6,40
6,7,46
8,9,40
9,10,0
11,12,0
12,13,0
13,14,0
17,18,0
18,19,49
19,20,0
21,22,0
22,23,0
26,27,50
27,28,0
29,31,0
32,33,0
34,35,0
35,36,42
36,37,0
37,38,0
38,39,0
39,40,0
40,41,53
42,43,0
43,44,46
45,46,44
47,48,0
49,50,0
52,53,48
53,54,0
54,55,48
58,59,46
60,61,45
61,62,55
62,63,0
64,65,59
65,66,55
66,67,48
67,68,55
69,71,0
73,77,56
78,80,45
83,85,0
85,87,52
88,90,46
90,92,59
92,94,42
97,99,55
Sij=
0,11,13,14,11,12,12,14,10,14,10,14,14,10,12,14,13,14,11,12,10,10,11,14,13,12,14,12,12,11,12,10,10,10,14,14,11,11,11,11,11,12,13,13,12,13,10,12,14,12,14,13,13,12,10,13,10,13,10,14,12,10,11,14,12,10,13,14,11,13,13,11,13,10,10,13,11,13,12,14,11,12,12,10,12,13,12,12,14,10,13,13,10,11,13,11,10,14,10,12
10,0,11,10,10,14,12,10,13,12,12,12,12,11,11,12,10,13,10,12,13,13,11,14,11,10,10,11,11,12,14,12,12,12,14,14,10,11,11,11,14,13,13,14,11,13,11,12,14,13,13,13,14,11,12,14,13,11,14,10,14,11,14,11,13,14,14,10,11,11,12,13,11,14,12,10,14,12,13,12,13,12,12,12,14,11,13,10,10,10,11,13,12,10,12,13,14,12,11,11
13,11,0,10,12,11,14,11,10,14,11,14,11,13,11,11,11,14,11,12,11,11,13,10,10,10,14,11,10,11,14,11,11,10,11,13,12,12,14,11,14,14,12,11,13,10,14,10,10,14,11,13,12,10,14,10,10,10,10,11,11,13,11,13,14,10,12,10,12,12,14,14,14,10,12,12,13,12,11,14,10,14,10,11,14,10,14,11,11,10,13,11,11,13,14,10,13,13,11,12
12,14,13,0,12,10,12,14,11,12,12,11,13,14,10,10,12,13,10,14,14,11,11,14,11,14,12,12,11,10,11,14,10,10,13,11,11,10,13,11,12,11,12,13,14,14,10,12,10,12,12,12,13,14,12,11,11,10,12,12,12,10,12,11,11,12,11,12,10,14,14,11,14,13,11,12,13,12,14,11,14,14,12,14,13,13,11,10,13,11,10,10,13,10,13,12,13,11,12,11
12,13,12,11,0,12,10,13,14,12,14,13,13,10,10,13,13,12,13,12,12,11,11,14,13,14,13,12,14,10,14,14,12,10,13,13,10,12,10,11,12,10,11,12,13,13,11,10,13,11,14,14,14,13,10,14,11,14,14,11,13,13,13,13,13,10,10,13,11,11,12,11,12,12,14,11,14,13,10,14,12,13,14,13,11,10,14,13,10,13,11,11,12,13,12,14,12,13,13,13
13,13,13,11,13,0,13,12,12,13,13,14,13,13,14,14,10,13,14,12,13,11,11,13,13,14,11,13,13,14,10,13,11,14,11,11,14,14,12,10,12,13,11,10,11,13,13,13,13,14,12,10,12,11,10,12,11,14,10,11,12,14,13,13,13,14,13,13,11,13,14,10,11,14,14,10,14,11,11,14,11,12,10,13,11,14,11,14,14,14,14,10,14,10,12,13,14,12,11,11
14,10,11,14,10,11,0,14,12,11,10,12,10,13,10,10,14,14,10,12,13,13,13,13,12,14,14,11,10,11,11,11,12,14,14,14,10,11,10,12,10,10,13,13,13,11,13,11,13,14,13,13,13,10,13,13,11,11,13,10,11,10,13,10,10,14,10,11,13,11,10,12,14,12,11,13,14,10,10,10,11,12,13,10,13,12,12,11,10,11,13,13,13,14,10,14,11,12,12,14
11,11,13,11,14,11,14,0,10,13,10,13,10,11,13,14,14,12,12,12,12,12,14,10,12,13,11,14,14,11,12,11,11,13,10,14,14,14,11,11,12,13,11,12,10,12,12,12,14,10,11,12,13,10,14,12,11,11,11,13,12,11,14,14,11,13,12,12,11,13,10,14,10,11,10,13,10,11,14,14,10,14,14,14,10,14,12,11,13,13,12,12,13,12,13,10,14,12,11,12
10,10,10,11,10,11,11,12,0,14,10,11,10,11,11,13,13,11,10,14,12,10,10,14,12,11,12,11,13,13,14,14,13,10,12,13,14,13,13,13,13,12,10,11,12,11,11,11,11,14,14,13,13,13,13,11,14,11,13,10,13,10,13,14,10,11,13,10,13,12,13,14,13,11,10,14,10,14,11,11,14,10,10,14,13,10,10,10,11,10,14,13,10,13,10,13,13,10,11,10
13,11,12,13,10,10,10,12,12,0,14,11,10,14,11,10,12,10,14,10,14,10,13,13,13,13,14,14,10,10,12,11,14,12,11,12,12,13,11,13,13,10,13,12,12,14,13,14,13,12,13,13,14,10,11,10,10,13,14,10,10,10,14,11,14,13,11,12,13,13,13,14,13,10,12,13,11,10,11,13,10,10,10,12,12,14,11,14,10,10,12,14,13,10,13,12,10,12,12,14
12,10,10,10,14,14,14,14,12,13,0,13,14,11,10,10,14,10,12,13,14,11,12,11,12,11,13,10,12,12,10,13,14,12,12,11,14,14,10,13,13,10,11,11,12,12,12,12,13,10,13,12,13,13,12,12,10,13,13,13,10,13,11,12,12,10,13,12,14,14,11,10,10,13,10,14,10,10,14,10,13,10,12,12,13,12,14,11,14,10,10,10,11,11,12,14,14,14,14,12
13,14,13,13,14,13,12,14,12,13,12,0,14,14,12,14,10,11,14,13,14,10,12,13,14,13,10,13,13,11,11,10,11,10,11,11,13,11,13,12,10,10,14,13,11,12,10,10,13,11,12,13,14,10,14,12,10,11,14,14,13,14,13,13,11,12,11,13,13,10,11,13,12,11,13,14,10,14,12,11,12,14,14,11,13,12,10,10,11,14,11,11,12,14,13,10,11,10,11,13
11,11,12,12,10,14,10,13,12,10,11,11,0,14,13,11,14,10,11,10,14,12,10,12,13,14,14,10,13,12,12,12,14,12,13,14,11,12,11,11,14,11,12,13,10,13,14,12,14,12,14,10,14,10,12,10,11,14,13,13,11,13,12,10,14,13,11,14,10,13,10,11,13,10,10,12,10,11,12,10,10,12,11,11,13,12,12,14,14,13,13,11,13,13,10,10,14,11,14,11
11,14,11,10,11,12,11,14,10,10,10,14,11,0,13,12,14,11,11,12,12,11,12,14,12,10,13,13,14,10,14,12,13,12,10,13,10,10,11,14,10,10,13,13,13,12,13,10,10,11,11,14,13,13,11,10,14,10,13,14,12,14,11,13,10,12,11,11,11,14,11,13,10,11,12,11,12,13,10,10,11,13,13,13,14,10,14,14,11,14,14,10,11,11,12,10,13,14,13,11
10,12,13,10,14,12,13,11,11,14,12,11,14,13,0,13,13,11,12,14,14,12,12,10,11,10,11,11,13,14,11,13,13,14,14,14,14,10,13,14,11,12,13,13,11,11,13,11,12,13,13,14,10,14,14,13,13,12,12,10,12,11,10,12,14,11,14,11,14,14,14,13,13,13,13,12,14,13,13,10,11,14,13,10,10,11,12,14,14,11,11,11,13,12,12,10,12,11,13,14
12,11,11,13,14,10,11,12,10,12,14,14,13,11,13,0,12,12,14,11,12,13,14,11,13,12,12,10,10,10,13,10,13,14,13,12,10,13,14,10,10,10,10,13,12,11,11,13,11,14,14,12,12,14,10,11,12,10,13,11,12,14,11,11,12,12,10,10,14,14,13,14,12,14,11,12,12,10,14,11,11,13,14,10,11,10,12,14,13,12,14,10,10,13,13,10,13,13,11,10
11,10,13,11,11,10,10,13,12,13,13,11,11,11,14,13,0,14,11,10,11,14,11,11,12,14,12,14,13,10,10,14,14,14,13,10,10,10,12,13,10,14,14,11,10,13,13,13,13,13,10,10,12,13,14,10,14,14,11,12,13,10,11,12,12,13,14,12,12,10,14,13,12,12,14,11,14,10,11,13,11,13,10,10,14,14,11,10,14,12,11,11,13,10,10,10,13,12,13,12
14,10,11,12,14,12,13,10,13,13,11,13,13,13,11,14,14,0,11,12,13,11,13,13,14,14,13,10,12,11,14,13,12,11,13,14,10,12,13,11,12,10,11,12,11,11,12,13,14,13,10,10,11,14,10,10,10,11,12,13,11,12,11,13,14,14,13,12,14,14,10,12,11,10,14,12,14,11,12,12,12,14,10,13,11,13,11,12,11,13,13,14,10,10,14,10,14,13,12,11
12,10,14,14,12,13,13,11,14,13,10,13,14,14,10,11,11,12,0,12,10,13,11,10,10,10,11,12,11,10,14,12,11,13,11,10,12,10,10,10,13,10,14,12,13,12,14,14,11,14,13,13,12,10,12,13,11,14,13,13,11,11,12,11,10,10,13,14,13,13,13,10,11,11,14,10,13,13,12,12,11,11,11,12,11,11,10,11,11,12,14,13,12,11,14,11,13,13,12,13
14,14,11,12,10,13,12,10,11,11,10,12,11,10,12,14,10,14,14,0,14,14,12,13,10,14,10,12,14,11,12,12,14,10,14,13,11,10,13,11,12,13,10,14,10,12,11,11,12,13,10,11,13,14,13,13,12,11,11,12,10,11,13,13,13,14,11,12,11,12,11,14,11,13,11,10,14,12,12,12,13,13,10,10,11,10,14,10,11,10,11,14,13,11,10,11,10,11,10,10
11,13,14,14,12,11,10,14,12,13,14,14,14,13,13,12,10,13,11,13,0,10,11,10,10,11,12,10,14,12,10,10,12,11,12,11,14,13,10,12,10,10,14,12,13,11,11,10,10,13,13,10,12,14,12,10,10,13,13,13,14,10,10,12,12,12,12,13,11,11,13,13,10,10,11,13,11,13,11,14,14,12,10,11,14,14,13,12,13,11,11,11,14,11,12,10,14,12,10,10
13,12,13,13,14,14,10,11,13,14,14,11,11,14,14,12,10,14,12,13,14,0,10,14,10,10,12,13,13,12,11,13,14,12,10,10,12,13,11,11,14,13,11,13,13,12,14,14,10,12,10,14,10,14,12,11,13,12,12,12,12,10,11,14,12,11,10,14,10,13,12,13,13,12,12,14,12,11,10,12,11,12,13,11,11,11,13,14,10,14,12,14,10,14,14,14,11,11,10,12
12,10,14,12,10,11,11,12,12,13,13,12,11,10,11,10,12,10,12,11,12,10,0,13,11,11,12,12,14,12,13,12,11,10,13,10,11,13,10,10,10,14,10,12,12,10,10,12,10,12,14,11,11,13,14,10,11,11,12,11,12,13,12,14,13,10,12,11,13,14,10,12,11,14,12,11,12,13,11,11,10,10,12,11,13,12,11,12,11,12,13,14,10,14,12,12,12,10,13,11
12,13,13,10,12,11,14,11,11,12,13,12,10,10,10,12,11,10,10,11,14,14,10,0,10,11,10,11,12,12,10,13,11,10,14,13,12,11,11,13,12,12,10,11,13,14,10,14,10,13,10,10,12,14,11,12,12,13,12,14,12,10,11,14,10,13,11,12,10,11,13,11,14,11,13,13,13,13,11,11,10,10,11,13,11,14,11,11,13,11,10,14,13,11,11,11,10,11,10,14
12,13,14,13,10,13,11,10,10,12,13,14,11,11,14,11,14,13,12,11,11,14,13,13,0,11,13,13,12,10,12,12,12,12,12,13,11,11,13,12,13,13,11,11,10,12,11,12,11,12,14,12,12,13,14,13,13,14,10,12,12,14,13,14,13,10,11,12,14,13,12,10,11,10,13,12,14,13,12,10,14,11,11,10,11,10,10,13,12,14,10,11,10,11,10,13,10,12,12,10
11,13,13,13,14,14,11,12,10,12,13,14,11,14,12,10,13,12,13,13,14,12,14,10,12,0,10,14,10,10,10,12,12,10,12,13,10,12,13,10,11,13,12,13,10,10,10,14,11,13,14,10,12,13,14,10,14,13,12,10,13,14,11,12,14,14,10,14,14,10,11,13,14,12,11,14,12,13,14,14,12,10,13,11,10,14,10,13,10,11,14,11,14,12,11,12,12,10,13,10
10,10,14,10,12,11,10,14,12,10,13,10,14,13,12,13,11,14,11,14,14,11,13,13,11,14,0,13,12,10,14,11,11,10,13,13,11,10,13,14,14,14,10,11,10,12,14,12,11,14,13,11,13,14,13,11,13,12,11,14,12,13,13,13,13,14,12,10,10,14,11,12,12,10,12,10,13,10,13,11,11,12,12,12,12,12,12,11,11,11,10,14,14,14,11,10,11,12,12,10
14,14,11,11,13,11,13,13,11,13,13,13,13,14,12,10,10,10,11,10,11,11,14,13,14,11,12,0,13,13,11,13,11,12,12,12,12,10,10,14,11,14,14,14,12,13,11,10,10,11,11,14,11,11,12,14,13,14,13,11,11,14,14,14,10,14,12,10,11,12,10,10,10,10,14,11,11,11,11,10,13,11,11,12,11,11,12,10,10,13,13,12,12,13,12,11,14,14,14,12
10,10,14,12,11,11,14,10,11,11,12,11,13,12,13,10,12,12,12,13,11,12,10,12,13,12,13,11,0,12,13,11,11,12,13,14,12,11,14,10,10,11,12,13,14,10,11,14,14,14,12,14,12,12,10,10,13,10,11,13,14,13,13,12,12,10,10,14,14,12,11,13,12,12,11,11,14,13,11,12,11,13,13,11,10,13,13,14,11,12,11,12,10,10,11,12,13,14,10,14
10,12,14,11,13,13,11,10,10,13,11,14,13,14,11,10,14,11,12,14,11,10,12,11,11,13,13,12,10,0,14,12,10,12,12,11,14,13,11,12,11,11,13,14,13,11,12,13,10,13,10,13,12,12,11,12,14,10,13,10,14,10,14,14,10,10,10,11,11,12,12,11,12,13,10,12,13,11,14,14,13,10,12,13,10,11,10,12,11,14,12,14,10,11,13,11,12,13,13,12
10,10,12,12,10,13,10,13,11,13,14,12,11,13,11,14,12,10,14,14,10,13,10,11,10,13,11,11,10,14,0,10,14,13,11,13,13,12,14,12,11,10,11,11,12,10,14,12,11,14,13,13,12,14,13,12,12,14,10,12,12,12,14,13,11,12,10,14,14,14,13,11,12,12,12,14,13,11,12,11,10,10,14,11,11,11,13,14,14,13,11,13,11,12,10,14,10,12,14,10
14,10,13,12,11,12,10,14,12,13,13,10,12,14,12,11,12,12,12,10,14,11,14,10,13,14,14,10,11,12,13,0,10,12,12,11,14,12,12,10,14,10,13,11,10,10,10,11,12,14,14,12,12,10,13,10,13,10,12,13,11,12,10,13,14,14,12,13,14,12,12,13,14,12,12,10,10,14,13,10,13,13,12,11,12,10,11,10,13,11,13,14,10,14,14,12,10,10,11,11
12,12,11,10,11,10,13,10,12,13,14,13,11,11,10,13,10,13,10,14,13,12,14,12,13,13,13,10,13,10,14,10,0,12,12,12,11,11,12,14,12,12,10,12,10,12,14,12,13,13,11,11,11,14,12,12,10,12,14,11,13,11,12,11,12,13,14,10,14,13,14,11,13,14,12,12,12,14,13,10,14,11,14,11,12,13,13,10,10,14,12,13,12,10,11,10,14,14,10,12
13,14,13,14,14,14,13,12,12,14,10,10,14,13,12,11,11,10,14,13,14,13,10,14,10,11,13,12,12,12,12,13,14,0,10,12,14,12,14,12,12,14,11,13,10,14,12,14,14,13,14,14,13,14,12,12,14,14,14,14,12,11,11,14,14,11,11,11,13,11,12,13,11,12,11,13,13,10,14,14,13,11,14,13,13,12,14,13,11,13,12,10,13,10,14,11,13,11,13,14
13,10,11,12,11,10,12,10,13,14,13,14,14,14,10,10,11,12,11,12,12,12,14,14,13,11,10,11,13,14,14,12,11,14,0,11,12,10,11,12,12,10,13,10,12,14,13,10,13,10,14,10,10,10,11,11,10,11,11,14,14,10,11,12,13,14,11,13,10,13,12,14,14,10,13,11,14,12,12,10,10,10,11,10,13,14,14,11,14,13,10,11,14,12,12,12,14,10,12,13
12,10,10,14,12,14,10,10,11,10,12,12,14,10,13,14,13,10,13,13,10,14,13,11,13,11,10,12,12,11,12,13,10,13,12,0,10,14,12,12,14,14,13,10,14,11,12,12,14,14,13,13,13,11,13,13,12,11,14,11,11,13,13,13,14,13,13,12,10,12,13,14,11,12,13,13,11,14,13,10,10,13,11,13,13,12,13,12,12,10,14,13,10,10,11,10,11,14,10,11
13,10,11,11,10,13,12,10,12,14,11,13,13,14,11,12,12,14,10,11,14,10,10,10,13,14,14,11,11,12,12,11,14,11,11,14,0,12,14,12,14,10,12,14,12,13,11,14,10,13,13,13,11,14,13,11,12,10,11,13,10,14,11,13,14,12,14,14,11,12,11,10,13,12,10,11,12,11,12,12,11,14,13,12,13,14,10,12,10,14,14,14,10,11,11,10,14,13,14,10
13,12,13,13,12,12,14,13,14,12,14,11,12,14,11,11,10,13,10,14,11,12,13,11,13,11,10,11,11,10,11,13,11,12,13,14,11,0,10,10,11,10,12,13,13,10,12,12,11,14,10,14,11,13,10,14,10,13,11,10,10,12,12,12,13,10,11,14,14,10,12,14,10,13,13,14,14,14,14,11,10,14,13,12,11,11,10,14,11,12,12,10,10,14,14,13,12,14,14,12
14,13,12,11,12,10,13,12,14,10,10,11,14,14,10,10,13,10,11,12,10,11,13,12,12,11,13,11,13,14,12,14,14,11,12,12,11,12,0,10,10,12,12,10,11,12,11,11,10,14,14,14,11,13,12,12,12,14,10,13,10,11,12,13,14,12,11,11,12,12,12,13,11,10,10,14,12,11,12,14,10,10,13,11,14,14,11,10,12,14,14,12,11,13,14,13,10,14,10,13
11,10,14,13,11,10,13,10,12,13,10,11,12,10,13,14,13,10,14,14,11,10,13,12,12,10,12,13,11,12,13,13,10,13,13,10,11,10,14,0,14,11,10,12,14,14,12,14,10,10,14,14,14,14,10,11,11,11,11,10,11,12,14,14,10,14,11,11,13,12,12,13,13,11,10,13,11,12,14,13,10,10,12,13,11,12,13,13,10,12,12,13,14,14,13,11,12,10,12,10
12,11,11,12,12,11,11,13,14,12,10,13,12,13,10,10,10,11,13,13,10,13,11,11,10,14,14,14,12,13,10,10,10,13,10,13,14,14,10,10,0,11,10,13,12,11,13,10,11,14,13,10,10,12,13,14,14,10,10,12,13,11,12,10,10,11,10,13,13,12,11,11,11,10,13,12,10,14,13,14,12,13,12,14,14,13,14,12,11,14,11,13,13,12,12,13,14,14,13,11
11,10,11,14,12,11,14,10,14,11,13,14,11,10,10,14,14,12,11,12,11,12,11,14,10,12,12,14,12,14,12,11,11,12,13,11,12,13,11,12,13,0,14,13,14,11,12,11,13,11,13,13,11,12,10,14,14,13,12,13,10,14,10,12,14,13,12,13,14,12,13,12,11,10,13,14,11,13,11,13,13,10,13,12,14,11,11,13,11,12,13,13,14,14,11,13,13,12,14,11
13,13,12,10,13,10,12,11,14,11,12,10,11,14,10,14,10,12,12,13,12,13,12,12,13,10,12,11,14,10,10,14,14,10,14,14,13,13,13,13,13,14,0,14,14,14,13,11,10,14,11,12,10,14,11,13,10,11,14,12,13,13,11,12,13,10,13,11,11,10,10,11,12,13,13,14,13,13,12,13,10,13,12,12,12,13,10,10,13,12,13,12,13,10,10,10,12,12,11,14
11,12,10,10,13,14,14,11,10,11,10,11,14,11,12,10,10,13,14,10,10,12,12,13,11,13,12,11,13,12,12,10,12,13,12,12,12,12,14,12,13,13,14,0,11,11,12,13,12,13,10,10,13,12,10,13,13,14,11,13,10,12,13,13,12,14,14,13,11,13,14,12,13,14,12,12,12,13,11,11,13,14,14,13,13,12,13,13,12,14,13,13,11,13,14,10,10,10,11,12
12,13,12,14,14,13,12,14,10,13,11,10,12,14,14,10,12,14,10,10,10,11,11,11,14,10,10,14,14,11,12,11,11,13,14,10,12,10,13,14,10,13,13,13,0,12,13,10,11,13,13,12,10,10,11,11,11,12,10,14,14,12,12,14,13,11,14,13,14,10,14,12,11,11,10,10,11,13,12,14,10,14,14,10,11,13,12,11,14,11,13,12,12,11,14,12,12,14,14,12
13,14,11,10,13,11,11,13,14,10,10,12,14,11,13,14,13,12,13,14,14,13,13,12,12,12,10,10,11,13,13,12,13,10,11,11,12,13,11,10,12,13,11,13,11,0,10,12,10,13,14,13,14,10,14,13,14,10,14,13,11,10,11,11,11,12,12,14,14,10,12,11,14,10,13,12,10,11,10,10,11,14,14,11,12,14,13,11,13,11,11,10,13,14,10,14,11,11,14,11
13,11,12,10,11,12,14,14,12,12,12,13,10,13,11,11,10,14,14,12,14,11,10,13,13,11,13,14,14,13,10,14,11,13,11,10,12,13,10,14,14,14,14,11,14,12,0,14,14,13,14,14,11,12,12,11,12,10,14,12,14,14,14,14,13,11,13,12,11,11,10,14,11,13,10,12,10,12,13,14,11,12,13,11,10,14,14,11,14,11,14,10,12,11,11,14,10,14,10,14
10,10,12,12,12,10,12,13,12,14,11,14,11,10,10,12,11,13,14,14,12,11,12,10,12,10,11,14,12,10,12,10,11,14,13,10,14,10,13,10,11,10,14,10,10,14,13,0,12,10,14,13,12,14,11,12,13,12,12,10,12,13,12,10,11,11,10,13,12,12,10,12,10,14,13,12,11,12,12,14,12,12,14,13,12,12,10,11,10,11,14,12,12,14,11,11,14,14,13,13
14,11,10,10,10,12,12,12,11,14,10,11,10,12,13,14,14,13,13,14,11,14,13,10,12,12,10,10,12,11,13,11,13,14,10,11,11,14,13,10,14,12,14,10,11,13,12,14,0,11,11,12,10,11,14,11,14,12,14,12,13,12,11,10,14,11,13,12,11,12,11,13,14,10,12,14,14,14,12,14,14,14,10,14,10,13,12,14,14,12,10,13,12,11,14,13,13,12,10,14
12,10,10,12,10,13,13,14,14,14,12,14,10,10,13,13,11,12,14,10,13,13,13,14,11,13,11,12,11,13,10,12,14,13,11,14,13,12,14,12,10,13,10,14,10,10,13,11,13,0,10,12,10,12,10,10,14,11,11,11,11,12,10,13,10,13,14,10,11,13,13,14,13,13,11,14,10,13,13,13,10,14,14,14,10,11,10,14,13,13,12,12,12,11,12,10,10,10,14,10
10,10,11,13,14,10,13,12,10,10,14,11,13,12,10,12,13,11,12,14,13,10,11,13,11,11,12,12,11,11,14,10,13,12,13,10,13,10,14,14,13,12,14,13,13,10,13,14,10,14,0,11,14,12,14,12,10,13,13,11,12,13,10,11,13,11,14,12,11,14,10,13,12,11,12,11,11,11,13,14,11,13,13,12,11,10,10,12,13,10,13,12,14,14,11,11,12,11,10,12
13,12,12,14,14,11,14,12,14,13,10,14,14,13,10,14,14,13,14,13,10,11,14,11,10,13,14,13,14,11,13,10,10,11,11,13,10,13,12,10,10,12,12,14,14,14,12,10,13,12,11,0,13,11,11,11,12,13,11,13,11,11,11,13,13,10,10,13,13,12,12,14,10,11,14,13,13,13,14,11,11,11,13,14,12,14,14,14,14,10,14,14,14,14,10,13,14,14,13,14
14,11,14,13,11,12,10,12,11,13,13,13,14,10,12,10,13,11,11,14,10,10,13,12,13,13,10,11,10,11,13,13,14,14,12,10,11,10,13,14,13,11,13,11,12,10,14,14,12,10,10,12,0,13,14,13,13,12,11,14,12,12,14,11,10,14,14,13,14,12,12,13,12,13,11,11,14,12,12,10,12,13,10,13,14,10,11,10,10,11,13,12,10,10,10,11,13,14,12,11
13,12,14,11,10,12,12,13,11,12,14,10,10,11,11,13,11,11,12,14,12,13,12,12,14,14,13,12,12,10,13,14,14,10,12,10,14,14,12,12,13,12,14,13,12,12,12,13,13,11,14,11,12,0,13,13,14,14,11,11,11,14,10,11,10,14,10,10,14,13,11,14,12,13,10,10,10,13,14,10,11,11,14,13,10,10,11,11,11,11,12,10,12,12,11,12,13,11,13,13
12,11,13,10,12,12,12,13,12,12,13,11,10,11,10,14,14,11,10,10,13,13,14,12,11,11,12,14,12,12,12,13,10,10,13,14,13,14,11,13,13,13,14,13,13,11,10,10,12,11,12,11,11,13,0,10,13,12,10,14,11,14,13,10,14,10,14,11,14,12,10,11,10,14,11,11,14,14,11,14,14,10,11,11,10,14,10,12,11,14,10,12,12,10,10,13,10,12,14,13
13,10,10,12,12,10,12,11,14,11,10,13,10,11,14,10,13,11,10,14,14,11,14,14,12,12,13,10,14,13,11,12,14,12,10,14,10,13,14,10,12,13,13,10,14,11,11,11,10,10,10,13,12,14,14,0,11,10,10,10,14,11,11,12,11,14,13,14,13,10,14,14,14,12,14,12,10,13,14,10,11,10,12,14,14,12,12,14,14,13,13,13,14,13,14,13,10,11,12,10
10,12,13,10,10,10,10,11,12,12,14,13,11,10,13,13,13,12,13,13,12,13,14,14,12,11,10,11,12,10,12,13,11,14,10,14,11,12,14,13,12,10,12,12,14,10,12,14,14,10,10,13,13,13,12,11,0,13,14,12,14,10,14,14,11,14,10,11,12,14,14,12,11,13,10,10,11,11,11,10,11,13,10,11,11,10,14,10,12,11,13,11,12,14,14,12,13,11,10,13
14,14,10,14,10,13,13,14,13,12,11,14,12,14,11,10,14,12,12,10,10,10,13,11,11,13,14,11,13,12,12,10,11,13,10,12,13,11,10,12,11,14,12,10,10,13,14,13,13,13,12,10,13,14,12,13,10,0,14,13,12,14,12,11,10,10,10,13,13,13,14,12,13,11,14,14,10,12,13,10,12,14,11,12,14,14,12,11,12,10,11,11,14,12,13,13,14,12,11,14
14,10,10,14,14,11,14,13,13,10,11,11,11,13,11,13,12,14,12,10,12,14,11,13,11,12,12,10,13,11,14,13,11,13,11,11,14,11,13,12,10,13,13,11,13,10,10,11,11,10,11,14,10,10,12,10,14,11,0,13,12,14,13,10,12,10,13,14,13,11,14,13,10,11,14,10,14,10,14,10,10,12,11,13,12,14,10,12,10,11,11,12,13,13,11,13,12,13,10,11
14,11,12,14,12,11,10,12,11,10,13,14,14,10,12,14,12,14,12,12,10,11,13,11,14,11,10,12,10,11,12,10,10,13,11,14,10,11,11,11,14,12,11,10,13,12,13,12,10,11,10,12,10,13,11,12,12,10,14,0,10,10,13,12,10,12,12,13,11,14,13,14,10,13,11,12,12,10,13,12,12,13,13,11,13,10,10,14,11,11,13,11,14,12,10,10,11,14,10,13
11,13,11,12,12,11,10,14,14,10,13,12,14,12,11,12,12,11,14,14,12,12,12,14,11,11,10,13,12,11,11,13,14,10,11,14,12,10,13,11,10,11,10,11,13,10,12,11,10,12,12,14,10,10,11,13,11,11,11,10,0,11,11,11,12,13,10,12,13,11,12,10,11,12,12,14,11,11,10,11,10,13,13,13,14,13,12,12,13,14,12,12,10,14,13,10,13,14,12,13
12,13,14,10,12,12,11,11,13,11,10,12,11,10,10,12,12,13,11,14,11,12,14,14,13,14,10,12,14,11,11,11,14,12,13,12,14,12,10,12,12,11,14,12,13,10,11,14,13,10,12,10,13,13,11,14,14,14,12,12,12,0,13,11,11,10,13,12,13,11,13,12,14,12,14,11,14,13,11,10,12,12,10,13,14,13,10,13,11,10,13,13,10,10,12,14,13,14,13,12
10,12,13,13,14,12,13,12,14,11,12,11,12,13,14,10,12,10,12,12,14,10,11,13,12,10,12,14,14,14,13,10,10,13,10,14,14,11,13,11,10,12,14,14,13,12,10,12,11,12,12,13,12,10,13,14,11,14,10,14,10,13,0,12,10,13,11,11,13,12,14,10,10,11,10,11,11,11,12,10,10,14,10,13,12,11,14,12,14,10,10,13,14,10,14,10,11,14,13,11
11,10,11,14,11,12,11,11,12,13,11,13,13,14,10,10,10,10,10,13,13,14,11,13,11,10,10,14,12,14,10,11,12,11,14,14,12,10,11,10,14,12,10,11,14,12,10,10,14,13,10,11,14,10,12,11,14,13,12,10,11,12,14,0,12,13,14,10,12,10,11,12,14,14,10,14,10,14,10,13,13,10,10,14,13,13,13,12,12,13,12,14,13,13,10,13,12,13,12,12
14,12,12,14,13,10,11,11,13,11,11,11,13,14,14,10,11,12,10,13,14,11,13,14,12,11,14,11,13,11,11,12,12,12,14,11,13,10,11,12,12,12,14,10,11,10,11,13,14,14,12,10,12,13,13,12,13,13,12,11,11,10,12,11,0,14,14,14,11,10,12,12,11,10,12,11,12,12,12,12,12,10,10,12,13,14,11,14,13,14,11,12,14,13,10,11,11,14,12,10
12,11,14,13,11,12,11,14,14,11,10,10,11,10,14,10,10,13,14,11,13,14,10,11,13,10,12,12,10,11,10,13,10,11,10,10,10,12,10,11,13,11,10,11,13,11,11,13,13,14,10,12,10,10,12,12,10,13,14,10,14,13,14,13,11,0,12,14,14,10,14,10,13,12,12,13,11,14,14,13,12,14,13,14,11,10,12,13,14,14,12,14,12,12,14,11,10,12,11,10
10,11,11,12,13,14,12,10,12,12,10,13,11,14,12,11,10,13,12,13,13,14,14,14,13,14,12,10,12,11,12,13,12,13,12,10,12,10,10,12,12,12,10,12,13,13,13,12,10,13,10,12,10,13,11,11,12,11,14,14,11,11,12,11,10,11,0,11,12,11,11,14,14,12,10,10,11,13,12,10,14,11,14,14,14,10,10,13,13,12,11,13,10,11,11,11,11,10,14,12
12,12,10,10,13,14,10,14,14,13,14,12,14,10,14,13,11,11,12,10,10,12,12,10,10,13,13,13,11,14,13,11,13,10,13,12,10,14,11,10,14,10,14,10,12,14,13,14,12,12,14,14,12,14,12,14,10,10,10,10,10,12,12,10,14,13,13,0,14,12,12,12,12,10,11,10,14,13,12,12,10,14,13,11,13,14,14,13,14,13,14,11,10,13,10,14,12,12,13,10
14,11,14,12,14,14,12,13,11,13,12,10,13,12,10,10,12,10,13,11,10,10,13,10,12,10,12,13,10,12,12,11,10,11,13,14,10,11,11,14,11,11,12,11,10,14,13,12,13,10,12,11,13,12,10,13,12,13,10,13,12,13,13,13,10,11,14,11,0,14,10,10,11,14,14,14,14,13,12,10,12,12,10,10,14,14,11,12,12,11,14,12,11,10,12,11,12,12,13,10
14,14,11,12,12,10,11,12,14,13,11,14,10,13,12,10,12,13,13,13,14,13,11,10,14,13,14,10,11,12,11,11,10,11,10,12,11,12,13,14,13,13,13,14,10,10,11,12,12,12,14,14,14,14,11,10,13,10,13,13,11,11,11,11,11,14,14,14,12,0,10,13,14,10,13,10,10,10,12,10,14,11,11,12,14,12,11,11,11,14,10,14,11,13,14,13,12,12,11,12
10,10,12,14,12,13,10,14,10,13,10,14,11,10,13,11,14,13,11,13,10,12,13,14,12,10,12,11,11,14,13,13,13,14,14,13,14,12,14,11,12,11,11,12,13,10,13,11,10,12,14,13,10,12,12,12,12,12,12,11,10,14,13,10,10,12,11,11,10,10,0,12,12,14,10,11,13,11,11,11,11,12,11,10,13,10,10,12,10,11,12,11,12,10,12,10,13,13,10,11
10,14,11,11,10,14,12,13,14,11,13,10,11,11,10,14,14,13,14,10,14,10,10,14,12,13,14,12,11,10,12,14,11,14,10,12,10,10,10,13,13,11,12,13,13,11,10,11,10,13,11,10,13,10,12,10,13,11,13,11,10,10,11,14,14,13,14,12,10,12,13,0,14,12,10,11,13,12,11,11,11,13,13,12,13,13,11,11,10,12,10,14,14,11,14,13,13,14,12,14
14,11,12,10,12,10,12,13,13,13,13,12,11,10,12,13,11,13,13,10,13,12,14,10,10,13,14,12,12,11,13,13,14,12,12,14,10,12,14,13,11,12,12,12,13,12,12,14,14,11,12,10,11,11,11,11,12,12,10,14,10,14,11,11,14,10,12,14,12,12,12,14,0,13,10,14,10,14,11,12,12,10,10,13,11,14,13,12,13,11,11,12,12,11,14,12,11,11,11,12
12,14,12,11,11,13,12,11,10,12,10,11,10,10,12,13,10,11,14,11,11,13,14,12,11,10,14,12,14,12,12,13,13,14,14,13,12,13,11,12,12,12,11,10,10,10,11,11,14,10,11,14,12,10,11,14,10,10,10,11,14,10,11,13,14,12,12,11,11,14,10,12,10,0,12,14,13,11,13,12,10,13,12,13,13,11,13,11,12,12,10,12,12,13,14,13,11,10,13,11
12,12,10,10,14,14,14,14,14,11,13,12,11,12,14,13,11,12,13,12,11,11,10,13,11,11,12,14,11,14,12,12,13,12,14,13,12,12,14,13,11,14,11,11,14,12,11,10,13,10,12,14,12,11,14,11,12,11,14,12,11,10,12,14,13,10,13,13,13,10,11,13,13,14,0,10,12,14,13,14,13,10,12,10,10,12,13,10,12,12,13,11,10,13,11,11,11,11,12,13
14,13,12,11,13,14,13,11,13,10,12,11,14,12,10,11,14,10,11,12,14,10,11,10,10,14,10,10,11,12,14,10,12,14,14,14,12,10,12,11,14,11,11,12,10,11,12,12,12,14,12,11,14,14,13,14,12,11,11,13,14,12,10,10,11,11,14,14,13,10,14,13,12,10,13,0,13,13,14,10,13,11,12,13,11,14,13,11,12,10,10,11,10,14,13,11,11,11,10,10
13,12,12,14,11,10,14,13,14,11,10,10,13,11,13,12,11,14,13,10,12,10,11,13,12,14,13,14,14,13,12,11,12,13,11,11,13,12,11,10,10,10,12,10,10,14,13,14,10,11,14,11,13,14,13,13,10,14,12,12,12,10,13,10,14,14,12,10,14,12,13,14,13,13,10,12,0,13,11,13,12,10,14,13,13,13,10,12,12,14,13,10,14,10,14,13,10,11,11,10
10,12,12,14,13,12,10,13,10,14,10,10,14,10,14,11,12,11,10,11,14,11,14,10,10,11,14,13,13,14,10,11,11,10,12,10,13,14,10,11,13,12,12,13,14,12,11,13,11,12,10,13,10,14,11,14,12,11,14,11,12,11,14,10,14,13,14,14,13,13,13,13,11,14,13,12,13,0,11,11,12,10,11,12,11,13,11,11,11,13,13,13,12,10,13,13,11,12,12,14
10,13,12,14,12,14,12,12,10,11,14,10,10,10,11,11,11,14,13,11,12,12,12,10,10,10,10,13,12,11,12,14,11,12,10,14,13,11,14,11,11,13,10,14,13,12,12,12,14,12,11,12,14,10,11,13,10,11,14,12,13,13,10,14,14,10,14,13,14,11,12,10,14,11,10,14,12,12,0,11,12,12,13,14,14,10,10,10,11,10,12,13,11,11,12,12,13,13,10,10
13,13,13,12,12,14,10,12,12,14,11,11,12,14,11,14,14,14,10,14,14,10,12,13,11,13,11,14,12,13,11,10,11,12,12,14,14,11,11,10,14,12,12,11,13,11,10,11,10,13,13,13,13,11,11,13,10,10,10,13,13,11,10,13,12,11,10,10,11,12,14,13,12,14,14,11,12,10,14,0,10,13,14,13,13,10,13,12,14,10,14,13,14,10,13,12,13,12,13,13
12,11,14,14,12,13,14,11,13,11,10,10,14,10,10,10,13,12,11,13,14,13,10,14,12,13,10,12,14,12,11,13,14,12,11,14,13,14,10,10,10,11,13,12,10,13,13,13,10,12,13,10,10,10,13,13,10,14,12,14,12,11,11,11,10,11,11,12,14,10,11,14,11,10,12,12,14,12,14,13,0,10,12,12,12,13,11,12,14,13,12,13,14,12,11,12,14,10,12,12
13,12,10,14,14,10,14,13,10,12,10,13,12,10,13,13,10,14,14,12,13,13,12,13,11,12,12,11,14,12,13,12,12,10,10,11,14,13,12,11,14,12,12,11,12,14,10,14,13,12,12,14,10,10,13,10,14,12,13,12,12,12,13,12,14,13,11,12,14,11,14,12,11,13,12,10,10,11,11,12,11,0,13,12,12,10,13,12,12,11,10,12,12,10,10,13,11,14,10,11
14,12,12,14,12,13,10,13,11,12,12,14,13,11,11,11,14,10,11,11,11,10,14,11,14,14,12,12,11,14,11,11,10,14,11,14,13,14,10,13,14,10,10,14,13,10,13,11,13,13,14,11,12,13,10,14,13,11,10,13,11,13,11,12,11,11,14,14,14,11,12,14,14,12,12,10,14,14,13,14,10,10,0,13,12,10,14,14,11,13,11,11,12,13,12,12,11,13,13,13
12,10,14,11,12,11,14,11,14,11,14,14,13,13,11,12,10,10,14,11,11,11,13,10,12,10,10,10,12,14,11,12,11,10,10,13,10,14,10,11,10,12,14,10,13,12,12,13,12,14,12,10,14,11,12,10,12,14,13,12,10,13,14,10,10,12,13,13,12,12,12,11,14,13,11,13,12,13,11,10,13,11,13,0,13,12,10,13,14,12,10,11,11,10,13,10,11,13,14,14
11,14,13,11,10,12,11,11,10,10,14,13,13,12,13,13,14,10,11,12,10,13,13,10,12,11,10,10,10,12,14,14,12,13,10,11,14,10,12,10,11,13,12,13,13,11,12,14,12,14,10,11,12,11,14,12,10,13,13,13,11,10,10,12,11,14,10,10,12,11,14,14,12,10,10,11,11,10,11,10,13,11,13,10,0,12,13,12,10,14,12,11,10,11,14,13,10,12,14,11
14,11,12,12,10,10,11,13,12,10,12,11,14,11,13,10,10,12,14,10,13,12,14,10,14,10,13,13,13,11,10,13,11,13,12,14,10,14,12,10,10,14,10,14,11,10,11,14,12,13,13,13,13,13,13,11,11,12,12,14,11,13,14,10,10,13,10,11,14,13,14,11,14,13,10,13,12,14,13,13,14,14,10,10,12,0,11,10,12,14,10,12,13,11,12,14,11,10,14,14
13,10,14,10,13,14,11,13,14,13,10,14,12,13,13,10,12,13,14,12,14,12,13,11,13,11,10,14,12,14,13,13,13,10,10,13,10,14,11,10,10,13,11,13,14,10,10,10,13,12,12,13,10,11,14,10,12,12,11,12,13,12,11,14,10,12,11,11,12,14,14,12,11,13,11,10,11,14,12,12,10,10,11,14,12,14,0,12,12,10,10,11,12,12,13,12,13,11,12,13
12,14,14,12,13,12,14,11,11,14,13,14,13,10,14,11,13,11,12,11,10,14,14,10,12,13,12,10,13,11,13,14,13,10,14,13,11,12,12,11,13,13,10,12,11,11,13,11,13,11,13,12,14,10,13,13,14,13,10,10,10,13,13,10,10,14,10,12,10,10,10,11,13,10,13,12,13,11,14,11,14,10,12,11,13,10,10,0,13,11,11,13,13,11,11,11,14,14,10,12
12,10,10,11,12,11,12,14,13,11,11,14,13,13,14,10,14,11,12,12,14,14,11,10,13,12,11,10,11,14,14,12,12,14,12,10,13,14,14,14,10,11,12,11,10,12,10,14,12,10,11,12,12,13,12,12,13,14,12,10,10,12,12,13,12,13,11,13,11,13,12,14,11,12,11,13,12,10,14,11,11,11,12,10,13,11,10,14,0,12,14,11,14,12,14,14,13,14,13,14
12,10,11,13,13,13,11,10,14,12,13,10,13,10,10,13,13,14,11,10,10,12,12,11,12,12,12,12,12,13,12,14,13,10,12,11,14,13,14,11,11,10,11,11,13,13,12,13,11,11,10,14,12,13,13,14,12,10,10,11,10,14,13,10,10,14,12,12,12,13,13,14,10,10,14,10,11,11,12,13,14,14,10,10,12,12,12,10,12,0,12,14,14,13,12,10,11,11,10,11
13,11,10,11,12,12,11,14,11,14,13,13,11,13,11,11,11,13,13,12,12,12,12,10,10,14,14,11,12,14,12,13,10,14,13,12,14,13,12,12,11,13,10,11,14,13,13,10,11,10,13,13,13,12,14,11,13,14,10,13,13,10,12,12,11,14,12,11,14,14,12,13,10,10,11,13,12,11,11,12,10,13,14,11,11,13,14,12,10,12,0,13,14,12,14,14,10,11,13,14
14,10,12,11,12,13,14,13,12,10,10,14,12,13,13,12,10,10,10,10,13,14,14,11,12,10,12,11,11,11,11,12,14,12,11,11,13,11,12,13,11,10,12,12,14,13,11,10,14,11,14,10,10,12,11,14,10,11,14,12,10,13,11,11,14,13,14,10,11,11,14,13,12,12,14,12,12,12,11,13,13,12,11,14,12,11,11,11,11,12,10,0,12,12,10,12,12,13,10,12
11,13,11,14,12,12,10,12,13,12,13,11,12,14,10,13,13,11,12,13,13,12,13,14,14,10,11,10,12,14,12,13,12,10,10,10,12,13,13,12,11,13,12,14,12,11,13,12,11,12,14,10,11,11,13,13,10,11,14,12,11,14,14,13,10,14,14,12,14,10,10,10,13,10,12,14,14,14,11,12,12,13,14,10,10,11,12,10,11,11,10,10,0,13,11,10,11,13,14,13
12,12,10,13,11,11,14,12,10,14,14,14,10,14,11,14,12,10,14,12,14,11,13,10,13,10,14,12,11,14,10,10,14,10,13,10,11,10,13,13,11,13,11,10,12,11,14,10,11,12,13,11,14,11,14,10,13,10,14,10,11,11,10,11,13,13,14,10,11,10,12,12,12,10,11,10,10,12,13,11,10,13,10,14,11,14,11,12,11,12,12,11,10,0,12,12,14,12,10,11
13,12,14,14,10,14,11,14,13,10,14,10,10,12,13,10,12,10,11,10,14,12,11,13,13,13,11,11,14,13,11,12,14,11,10,14,11,14,10,14,10,14,13,11,12,12,12,14,11,12,10,13,11,10,11,10,10,10,11,12,13,14,14,14,14,11,10,14,11,14,13,13,10,12,10,10,14,14,11,11,10,11,10,12,13,12,11,14,14,14,14,11,12,13,0,10,10,14,13,12
10,11,13,12,12,13,11,13,13,10,11,11,10,13,10,11,11,14,11,11,12,10,10,14,12,14,12,10,11,12,14,10,10,12,10,14,11,14,12,14,11,13,12,14,12,12,14,12,12,11,14,11,13,12,10,10,10,13,14,13,10,11,11,11,10,11,11,12,12,10,10,11,11,12,14,13,12,11,12,10,10,10,13,10,12,12,12,13,12,10,14,13,10,14,13,0,10,12,11,13
11,11,11,14,11,11,12,14,10,12,12,12,14,11,14,12,10,12,11,13,13,13,13,10,12,11,12,11,12,13,14,10,11,12,11,13,13,11,12,13,10,12,11,10,14,13,14,11,10,11,13,12,10,12,10,12,13,10,12,14,14,10,12,11,13,11,10,11,14,10,13,13,10,12,12,11,12,12,10,13,11,10,10,11,14,11,10,13,12,14,10,12,14,12,14,10,0,10,10,11
13,12,12,12,10,12,10,12,12,10,13,10,10,10,13,13,14,14,10,11,12,11,11,14,10,14,10,14,12,13,12,10,12,10,12,10,13,12,10,13,14,13,12,13,13,14,10,12,10,14,14,11,14,13,14,11,10,13,12,10,12,10,10,14,13,12,12,14,12,12,14,11,13,12,12,13,14,13,11,10,14,12,13,13,13,10,11,14,11,10,14,10,10,10,11,13,13,0,12,10
10,11,11,10,12,14,13,12,11,10,11,12,12,12,11,10,14,12,11,10,12,11,13,13,11,13,14,10,12,11,13,14,11,12,10,14,13,12,10,13,10,13,14,13,14,13,12,13,14,14,11,11,11,12,13,14,12,12,14,14,10,12,14,10,12,11,11,14,11,11,12,11,11,13,10,13,11,10,13,12,11,10,11,12,14,11,13,14,14,10,11,10,13,10,12,12,13,14,0,10
13,12,12,11,13,12,14,14,13,11,14,13,12,14,11,13,14,11,11,10,10,13,11,10,11,14,12,13,11,10,13,10,11,14,10,10,13,14,13,10,14,12,14,12,10,12,14,11,12,11,12,10,11,14,10,14,10,12,14,13,10,11,13,12,13,14,11,12,13,10,10,10,13,11,10,13,13,14,10,13,14,10,10,14,13,12,13,12,14,11,14,11,14,14,14,13,13,11,14,0
